{
 "cells": [
  {
   "cell_type": "markdown",
   "id": "5a658096",
   "metadata": {},
   "source": [
    "# Implementação ACO - Problema do Caixeiro Viajante"
   ]
  },
  {
   "cell_type": "code",
   "execution_count": 2,
   "id": "f5839f63",
   "metadata": {},
   "outputs": [],
   "source": [
    "# Célula de imports\n",
    "\n",
    "import numpy as np\n",
    "import random \n",
    "import matplotlib.pyplot as plt\n",
    "import pandas as pd"
   ]
  },
  {
   "cell_type": "markdown",
   "id": "fbd62906",
   "metadata": {},
   "source": [
    "### Planilha com a distância de cada cidade"
   ]
  },
  {
   "cell_type": "code",
   "execution_count": 12,
   "id": "c969084e",
   "metadata": {},
   "outputs": [
    {
     "data": {
      "text/html": [
       "<div>\n",
       "<style scoped>\n",
       "    .dataframe tbody tr th:only-of-type {\n",
       "        vertical-align: middle;\n",
       "    }\n",
       "\n",
       "    .dataframe tbody tr th {\n",
       "        vertical-align: top;\n",
       "    }\n",
       "\n",
       "    .dataframe thead th {\n",
       "        text-align: right;\n",
       "    }\n",
       "</style>\n",
       "<table border=\"1\" class=\"dataframe\">\n",
       "  <thead>\n",
       "    <tr style=\"text-align: right;\">\n",
       "      <th></th>\n",
       "      <th>0</th>\n",
       "      <th>1</th>\n",
       "      <th>2</th>\n",
       "      <th>3</th>\n",
       "      <th>4</th>\n",
       "      <th>5</th>\n",
       "      <th>6</th>\n",
       "      <th>7</th>\n",
       "      <th>8</th>\n",
       "      <th>9</th>\n",
       "      <th>10</th>\n",
       "      <th>11</th>\n",
       "      <th>12</th>\n",
       "      <th>13</th>\n",
       "      <th>14</th>\n",
       "      <th>15</th>\n",
       "      <th>16</th>\n",
       "      <th>17</th>\n",
       "      <th>18</th>\n",
       "      <th>19</th>\n",
       "    </tr>\n",
       "  </thead>\n",
       "  <tbody>\n",
       "    <tr>\n",
       "      <th>0</th>\n",
       "      <td>0.0</td>\n",
       "      <td>66.0</td>\n",
       "      <td>103.0</td>\n",
       "      <td>58.0</td>\n",
       "      <td>151.0</td>\n",
       "      <td>210.0</td>\n",
       "      <td>231.0</td>\n",
       "      <td>188.0</td>\n",
       "      <td>170.0</td>\n",
       "      <td>182.0</td>\n",
       "      <td>63.0</td>\n",
       "      <td>170.0</td>\n",
       "      <td>187.0</td>\n",
       "      <td>218.0</td>\n",
       "      <td>111.0</td>\n",
       "      <td>82.0</td>\n",
       "      <td>134.0</td>\n",
       "      <td>218.0</td>\n",
       "      <td>248.0</td>\n",
       "      <td>135.0</td>\n",
       "    </tr>\n",
       "    <tr>\n",
       "      <th>1</th>\n",
       "      <td>66.0</td>\n",
       "      <td>0.0</td>\n",
       "      <td>118.0</td>\n",
       "      <td>138.0</td>\n",
       "      <td>55.0</td>\n",
       "      <td>83.0</td>\n",
       "      <td>245.0</td>\n",
       "      <td>236.0</td>\n",
       "      <td>78.0</td>\n",
       "      <td>171.0</td>\n",
       "      <td>96.0</td>\n",
       "      <td>121.0</td>\n",
       "      <td>244.0</td>\n",
       "      <td>57.0</td>\n",
       "      <td>60.0</td>\n",
       "      <td>212.0</td>\n",
       "      <td>101.0</td>\n",
       "      <td>214.0</td>\n",
       "      <td>194.0</td>\n",
       "      <td>247.0</td>\n",
       "    </tr>\n",
       "    <tr>\n",
       "      <th>2</th>\n",
       "      <td>103.0</td>\n",
       "      <td>118.0</td>\n",
       "      <td>0.0</td>\n",
       "      <td>242.0</td>\n",
       "      <td>190.0</td>\n",
       "      <td>239.0</td>\n",
       "      <td>80.0</td>\n",
       "      <td>68.0</td>\n",
       "      <td>248.0</td>\n",
       "      <td>128.0</td>\n",
       "      <td>71.0</td>\n",
       "      <td>131.0</td>\n",
       "      <td>68.0</td>\n",
       "      <td>182.0</td>\n",
       "      <td>193.0</td>\n",
       "      <td>158.0</td>\n",
       "      <td>225.0</td>\n",
       "      <td>99.0</td>\n",
       "      <td>189.0</td>\n",
       "      <td>86.0</td>\n",
       "    </tr>\n",
       "    <tr>\n",
       "      <th>3</th>\n",
       "      <td>58.0</td>\n",
       "      <td>138.0</td>\n",
       "      <td>242.0</td>\n",
       "      <td>0.0</td>\n",
       "      <td>104.0</td>\n",
       "      <td>186.0</td>\n",
       "      <td>206.0</td>\n",
       "      <td>56.0</td>\n",
       "      <td>172.0</td>\n",
       "      <td>178.0</td>\n",
       "      <td>204.0</td>\n",
       "      <td>197.0</td>\n",
       "      <td>185.0</td>\n",
       "      <td>236.0</td>\n",
       "      <td>79.0</td>\n",
       "      <td>65.0</td>\n",
       "      <td>123.0</td>\n",
       "      <td>53.0</td>\n",
       "      <td>227.0</td>\n",
       "      <td>194.0</td>\n",
       "    </tr>\n",
       "    <tr>\n",
       "      <th>4</th>\n",
       "      <td>151.0</td>\n",
       "      <td>55.0</td>\n",
       "      <td>190.0</td>\n",
       "      <td>104.0</td>\n",
       "      <td>0.0</td>\n",
       "      <td>215.0</td>\n",
       "      <td>181.0</td>\n",
       "      <td>236.0</td>\n",
       "      <td>166.0</td>\n",
       "      <td>207.0</td>\n",
       "      <td>53.0</td>\n",
       "      <td>82.0</td>\n",
       "      <td>205.0</td>\n",
       "      <td>200.0</td>\n",
       "      <td>234.0</td>\n",
       "      <td>244.0</td>\n",
       "      <td>58.0</td>\n",
       "      <td>152.0</td>\n",
       "      <td>244.0</td>\n",
       "      <td>249.0</td>\n",
       "    </tr>\n",
       "    <tr>\n",
       "      <th>5</th>\n",
       "      <td>210.0</td>\n",
       "      <td>83.0</td>\n",
       "      <td>239.0</td>\n",
       "      <td>186.0</td>\n",
       "      <td>215.0</td>\n",
       "      <td>0.0</td>\n",
       "      <td>142.0</td>\n",
       "      <td>121.0</td>\n",
       "      <td>156.0</td>\n",
       "      <td>70.0</td>\n",
       "      <td>81.0</td>\n",
       "      <td>64.0</td>\n",
       "      <td>163.0</td>\n",
       "      <td>131.0</td>\n",
       "      <td>222.0</td>\n",
       "      <td>176.0</td>\n",
       "      <td>58.0</td>\n",
       "      <td>148.0</td>\n",
       "      <td>186.0</td>\n",
       "      <td>89.0</td>\n",
       "    </tr>\n",
       "    <tr>\n",
       "      <th>6</th>\n",
       "      <td>231.0</td>\n",
       "      <td>245.0</td>\n",
       "      <td>80.0</td>\n",
       "      <td>206.0</td>\n",
       "      <td>181.0</td>\n",
       "      <td>142.0</td>\n",
       "      <td>0.0</td>\n",
       "      <td>133.0</td>\n",
       "      <td>222.0</td>\n",
       "      <td>227.0</td>\n",
       "      <td>79.0</td>\n",
       "      <td>133.0</td>\n",
       "      <td>220.0</td>\n",
       "      <td>88.0</td>\n",
       "      <td>59.0</td>\n",
       "      <td>127.0</td>\n",
       "      <td>143.0</td>\n",
       "      <td>225.0</td>\n",
       "      <td>125.0</td>\n",
       "      <td>246.0</td>\n",
       "    </tr>\n",
       "    <tr>\n",
       "      <th>7</th>\n",
       "      <td>188.0</td>\n",
       "      <td>236.0</td>\n",
       "      <td>68.0</td>\n",
       "      <td>56.0</td>\n",
       "      <td>236.0</td>\n",
       "      <td>121.0</td>\n",
       "      <td>133.0</td>\n",
       "      <td>0.0</td>\n",
       "      <td>143.0</td>\n",
       "      <td>175.0</td>\n",
       "      <td>241.0</td>\n",
       "      <td>164.0</td>\n",
       "      <td>212.0</td>\n",
       "      <td>92.0</td>\n",
       "      <td>110.0</td>\n",
       "      <td>113.0</td>\n",
       "      <td>182.0</td>\n",
       "      <td>53.0</td>\n",
       "      <td>56.0</td>\n",
       "      <td>99.0</td>\n",
       "    </tr>\n",
       "    <tr>\n",
       "      <th>8</th>\n",
       "      <td>170.0</td>\n",
       "      <td>78.0</td>\n",
       "      <td>248.0</td>\n",
       "      <td>172.0</td>\n",
       "      <td>166.0</td>\n",
       "      <td>156.0</td>\n",
       "      <td>222.0</td>\n",
       "      <td>143.0</td>\n",
       "      <td>0.0</td>\n",
       "      <td>100.0</td>\n",
       "      <td>55.0</td>\n",
       "      <td>130.0</td>\n",
       "      <td>113.0</td>\n",
       "      <td>211.0</td>\n",
       "      <td>162.0</td>\n",
       "      <td>79.0</td>\n",
       "      <td>152.0</td>\n",
       "      <td>245.0</td>\n",
       "      <td>164.0</td>\n",
       "      <td>239.0</td>\n",
       "    </tr>\n",
       "    <tr>\n",
       "      <th>9</th>\n",
       "      <td>182.0</td>\n",
       "      <td>171.0</td>\n",
       "      <td>128.0</td>\n",
       "      <td>178.0</td>\n",
       "      <td>207.0</td>\n",
       "      <td>70.0</td>\n",
       "      <td>227.0</td>\n",
       "      <td>175.0</td>\n",
       "      <td>100.0</td>\n",
       "      <td>0.0</td>\n",
       "      <td>233.0</td>\n",
       "      <td>153.0</td>\n",
       "      <td>235.0</td>\n",
       "      <td>238.0</td>\n",
       "      <td>239.0</td>\n",
       "      <td>238.0</td>\n",
       "      <td>180.0</td>\n",
       "      <td>219.0</td>\n",
       "      <td>167.0</td>\n",
       "      <td>237.0</td>\n",
       "    </tr>\n",
       "    <tr>\n",
       "      <th>10</th>\n",
       "      <td>63.0</td>\n",
       "      <td>96.0</td>\n",
       "      <td>71.0</td>\n",
       "      <td>204.0</td>\n",
       "      <td>53.0</td>\n",
       "      <td>81.0</td>\n",
       "      <td>79.0</td>\n",
       "      <td>241.0</td>\n",
       "      <td>55.0</td>\n",
       "      <td>233.0</td>\n",
       "      <td>0.0</td>\n",
       "      <td>61.0</td>\n",
       "      <td>169.0</td>\n",
       "      <td>90.0</td>\n",
       "      <td>160.0</td>\n",
       "      <td>78.0</td>\n",
       "      <td>245.0</td>\n",
       "      <td>65.0</td>\n",
       "      <td>132.0</td>\n",
       "      <td>120.0</td>\n",
       "    </tr>\n",
       "    <tr>\n",
       "      <th>11</th>\n",
       "      <td>170.0</td>\n",
       "      <td>121.0</td>\n",
       "      <td>131.0</td>\n",
       "      <td>197.0</td>\n",
       "      <td>82.0</td>\n",
       "      <td>64.0</td>\n",
       "      <td>133.0</td>\n",
       "      <td>164.0</td>\n",
       "      <td>130.0</td>\n",
       "      <td>153.0</td>\n",
       "      <td>61.0</td>\n",
       "      <td>0.0</td>\n",
       "      <td>151.0</td>\n",
       "      <td>223.0</td>\n",
       "      <td>114.0</td>\n",
       "      <td>202.0</td>\n",
       "      <td>101.0</td>\n",
       "      <td>192.0</td>\n",
       "      <td>153.0</td>\n",
       "      <td>69.0</td>\n",
       "    </tr>\n",
       "    <tr>\n",
       "      <th>12</th>\n",
       "      <td>187.0</td>\n",
       "      <td>244.0</td>\n",
       "      <td>68.0</td>\n",
       "      <td>185.0</td>\n",
       "      <td>205.0</td>\n",
       "      <td>163.0</td>\n",
       "      <td>220.0</td>\n",
       "      <td>212.0</td>\n",
       "      <td>113.0</td>\n",
       "      <td>235.0</td>\n",
       "      <td>169.0</td>\n",
       "      <td>151.0</td>\n",
       "      <td>0.0</td>\n",
       "      <td>78.0</td>\n",
       "      <td>152.0</td>\n",
       "      <td>188.0</td>\n",
       "      <td>109.0</td>\n",
       "      <td>108.0</td>\n",
       "      <td>246.0</td>\n",
       "      <td>75.0</td>\n",
       "    </tr>\n",
       "    <tr>\n",
       "      <th>13</th>\n",
       "      <td>218.0</td>\n",
       "      <td>57.0</td>\n",
       "      <td>182.0</td>\n",
       "      <td>236.0</td>\n",
       "      <td>200.0</td>\n",
       "      <td>131.0</td>\n",
       "      <td>88.0</td>\n",
       "      <td>92.0</td>\n",
       "      <td>211.0</td>\n",
       "      <td>238.0</td>\n",
       "      <td>90.0</td>\n",
       "      <td>223.0</td>\n",
       "      <td>78.0</td>\n",
       "      <td>0.0</td>\n",
       "      <td>185.0</td>\n",
       "      <td>133.0</td>\n",
       "      <td>223.0</td>\n",
       "      <td>180.0</td>\n",
       "      <td>224.0</td>\n",
       "      <td>185.0</td>\n",
       "    </tr>\n",
       "    <tr>\n",
       "      <th>14</th>\n",
       "      <td>111.0</td>\n",
       "      <td>60.0</td>\n",
       "      <td>193.0</td>\n",
       "      <td>79.0</td>\n",
       "      <td>234.0</td>\n",
       "      <td>222.0</td>\n",
       "      <td>59.0</td>\n",
       "      <td>110.0</td>\n",
       "      <td>162.0</td>\n",
       "      <td>239.0</td>\n",
       "      <td>160.0</td>\n",
       "      <td>114.0</td>\n",
       "      <td>152.0</td>\n",
       "      <td>185.0</td>\n",
       "      <td>0.0</td>\n",
       "      <td>84.0</td>\n",
       "      <td>56.0</td>\n",
       "      <td>87.0</td>\n",
       "      <td>61.0</td>\n",
       "      <td>152.0</td>\n",
       "    </tr>\n",
       "    <tr>\n",
       "      <th>15</th>\n",
       "      <td>82.0</td>\n",
       "      <td>212.0</td>\n",
       "      <td>158.0</td>\n",
       "      <td>65.0</td>\n",
       "      <td>244.0</td>\n",
       "      <td>176.0</td>\n",
       "      <td>127.0</td>\n",
       "      <td>113.0</td>\n",
       "      <td>79.0</td>\n",
       "      <td>238.0</td>\n",
       "      <td>78.0</td>\n",
       "      <td>202.0</td>\n",
       "      <td>188.0</td>\n",
       "      <td>133.0</td>\n",
       "      <td>84.0</td>\n",
       "      <td>0.0</td>\n",
       "      <td>239.0</td>\n",
       "      <td>129.0</td>\n",
       "      <td>83.0</td>\n",
       "      <td>152.0</td>\n",
       "    </tr>\n",
       "    <tr>\n",
       "      <th>16</th>\n",
       "      <td>134.0</td>\n",
       "      <td>101.0</td>\n",
       "      <td>225.0</td>\n",
       "      <td>123.0</td>\n",
       "      <td>58.0</td>\n",
       "      <td>58.0</td>\n",
       "      <td>143.0</td>\n",
       "      <td>182.0</td>\n",
       "      <td>152.0</td>\n",
       "      <td>180.0</td>\n",
       "      <td>245.0</td>\n",
       "      <td>101.0</td>\n",
       "      <td>109.0</td>\n",
       "      <td>223.0</td>\n",
       "      <td>56.0</td>\n",
       "      <td>239.0</td>\n",
       "      <td>0.0</td>\n",
       "      <td>215.0</td>\n",
       "      <td>218.0</td>\n",
       "      <td>224.0</td>\n",
       "    </tr>\n",
       "    <tr>\n",
       "      <th>17</th>\n",
       "      <td>218.0</td>\n",
       "      <td>214.0</td>\n",
       "      <td>99.0</td>\n",
       "      <td>53.0</td>\n",
       "      <td>152.0</td>\n",
       "      <td>148.0</td>\n",
       "      <td>225.0</td>\n",
       "      <td>53.0</td>\n",
       "      <td>245.0</td>\n",
       "      <td>219.0</td>\n",
       "      <td>65.0</td>\n",
       "      <td>192.0</td>\n",
       "      <td>108.0</td>\n",
       "      <td>180.0</td>\n",
       "      <td>87.0</td>\n",
       "      <td>129.0</td>\n",
       "      <td>215.0</td>\n",
       "      <td>0.0</td>\n",
       "      <td>152.0</td>\n",
       "      <td>170.0</td>\n",
       "    </tr>\n",
       "    <tr>\n",
       "      <th>18</th>\n",
       "      <td>248.0</td>\n",
       "      <td>194.0</td>\n",
       "      <td>189.0</td>\n",
       "      <td>227.0</td>\n",
       "      <td>244.0</td>\n",
       "      <td>186.0</td>\n",
       "      <td>125.0</td>\n",
       "      <td>56.0</td>\n",
       "      <td>164.0</td>\n",
       "      <td>167.0</td>\n",
       "      <td>132.0</td>\n",
       "      <td>153.0</td>\n",
       "      <td>246.0</td>\n",
       "      <td>224.0</td>\n",
       "      <td>61.0</td>\n",
       "      <td>83.0</td>\n",
       "      <td>218.0</td>\n",
       "      <td>152.0</td>\n",
       "      <td>0.0</td>\n",
       "      <td>126.0</td>\n",
       "    </tr>\n",
       "    <tr>\n",
       "      <th>19</th>\n",
       "      <td>135.0</td>\n",
       "      <td>247.0</td>\n",
       "      <td>86.0</td>\n",
       "      <td>194.0</td>\n",
       "      <td>249.0</td>\n",
       "      <td>89.0</td>\n",
       "      <td>246.0</td>\n",
       "      <td>99.0</td>\n",
       "      <td>239.0</td>\n",
       "      <td>237.0</td>\n",
       "      <td>120.0</td>\n",
       "      <td>69.0</td>\n",
       "      <td>75.0</td>\n",
       "      <td>185.0</td>\n",
       "      <td>152.0</td>\n",
       "      <td>152.0</td>\n",
       "      <td>224.0</td>\n",
       "      <td>170.0</td>\n",
       "      <td>126.0</td>\n",
       "      <td>0.0</td>\n",
       "    </tr>\n",
       "  </tbody>\n",
       "</table>\n",
       "</div>"
      ],
      "text/plain": [
       "       0      1      2      3      4      5      6      7      8      9   \\\n",
       "0     0.0   66.0  103.0   58.0  151.0  210.0  231.0  188.0  170.0  182.0   \n",
       "1    66.0    0.0  118.0  138.0   55.0   83.0  245.0  236.0   78.0  171.0   \n",
       "2   103.0  118.0    0.0  242.0  190.0  239.0   80.0   68.0  248.0  128.0   \n",
       "3    58.0  138.0  242.0    0.0  104.0  186.0  206.0   56.0  172.0  178.0   \n",
       "4   151.0   55.0  190.0  104.0    0.0  215.0  181.0  236.0  166.0  207.0   \n",
       "5   210.0   83.0  239.0  186.0  215.0    0.0  142.0  121.0  156.0   70.0   \n",
       "6   231.0  245.0   80.0  206.0  181.0  142.0    0.0  133.0  222.0  227.0   \n",
       "7   188.0  236.0   68.0   56.0  236.0  121.0  133.0    0.0  143.0  175.0   \n",
       "8   170.0   78.0  248.0  172.0  166.0  156.0  222.0  143.0    0.0  100.0   \n",
       "9   182.0  171.0  128.0  178.0  207.0   70.0  227.0  175.0  100.0    0.0   \n",
       "10   63.0   96.0   71.0  204.0   53.0   81.0   79.0  241.0   55.0  233.0   \n",
       "11  170.0  121.0  131.0  197.0   82.0   64.0  133.0  164.0  130.0  153.0   \n",
       "12  187.0  244.0   68.0  185.0  205.0  163.0  220.0  212.0  113.0  235.0   \n",
       "13  218.0   57.0  182.0  236.0  200.0  131.0   88.0   92.0  211.0  238.0   \n",
       "14  111.0   60.0  193.0   79.0  234.0  222.0   59.0  110.0  162.0  239.0   \n",
       "15   82.0  212.0  158.0   65.0  244.0  176.0  127.0  113.0   79.0  238.0   \n",
       "16  134.0  101.0  225.0  123.0   58.0   58.0  143.0  182.0  152.0  180.0   \n",
       "17  218.0  214.0   99.0   53.0  152.0  148.0  225.0   53.0  245.0  219.0   \n",
       "18  248.0  194.0  189.0  227.0  244.0  186.0  125.0   56.0  164.0  167.0   \n",
       "19  135.0  247.0   86.0  194.0  249.0   89.0  246.0   99.0  239.0  237.0   \n",
       "\n",
       "       10     11     12     13     14     15     16     17     18     19  \n",
       "0    63.0  170.0  187.0  218.0  111.0   82.0  134.0  218.0  248.0  135.0  \n",
       "1    96.0  121.0  244.0   57.0   60.0  212.0  101.0  214.0  194.0  247.0  \n",
       "2    71.0  131.0   68.0  182.0  193.0  158.0  225.0   99.0  189.0   86.0  \n",
       "3   204.0  197.0  185.0  236.0   79.0   65.0  123.0   53.0  227.0  194.0  \n",
       "4    53.0   82.0  205.0  200.0  234.0  244.0   58.0  152.0  244.0  249.0  \n",
       "5    81.0   64.0  163.0  131.0  222.0  176.0   58.0  148.0  186.0   89.0  \n",
       "6    79.0  133.0  220.0   88.0   59.0  127.0  143.0  225.0  125.0  246.0  \n",
       "7   241.0  164.0  212.0   92.0  110.0  113.0  182.0   53.0   56.0   99.0  \n",
       "8    55.0  130.0  113.0  211.0  162.0   79.0  152.0  245.0  164.0  239.0  \n",
       "9   233.0  153.0  235.0  238.0  239.0  238.0  180.0  219.0  167.0  237.0  \n",
       "10    0.0   61.0  169.0   90.0  160.0   78.0  245.0   65.0  132.0  120.0  \n",
       "11   61.0    0.0  151.0  223.0  114.0  202.0  101.0  192.0  153.0   69.0  \n",
       "12  169.0  151.0    0.0   78.0  152.0  188.0  109.0  108.0  246.0   75.0  \n",
       "13   90.0  223.0   78.0    0.0  185.0  133.0  223.0  180.0  224.0  185.0  \n",
       "14  160.0  114.0  152.0  185.0    0.0   84.0   56.0   87.0   61.0  152.0  \n",
       "15   78.0  202.0  188.0  133.0   84.0    0.0  239.0  129.0   83.0  152.0  \n",
       "16  245.0  101.0  109.0  223.0   56.0  239.0    0.0  215.0  218.0  224.0  \n",
       "17   65.0  192.0  108.0  180.0   87.0  129.0  215.0    0.0  152.0  170.0  \n",
       "18  132.0  153.0  246.0  224.0   61.0   83.0  218.0  152.0    0.0  126.0  \n",
       "19  120.0   69.0   75.0  185.0  152.0  152.0  224.0  170.0  126.0    0.0  "
      ]
     },
     "execution_count": 12,
     "metadata": {},
     "output_type": "execute_result"
    }
   ],
   "source": [
    "# Célula para ler o planilha com as distâncias\n",
    "df = pd.read_csv('distancia_matrix.csv', header=None)\n",
    "\n",
    "cities_distances = df\n",
    "\n",
    "cities_distances"
   ]
  },
  {
   "cell_type": "markdown",
   "id": "a3af178e",
   "metadata": {},
   "source": [
    "### PARÂMETROS GLOBAIS"
   ]
  },
  {
   "cell_type": "code",
   "execution_count": 17,
   "id": "362829d9",
   "metadata": {},
   "outputs": [],
   "source": [
    "NUM_CITIES = len(df)\n",
    "EVAPORATION_RATE = 0.5\n",
    "PHEROMONE_RATE = 100\n",
    "ALPHA = 2\n",
    "BETA = 3"
   ]
  },
  {
   "cell_type": "markdown",
   "id": "4e411580",
   "metadata": {},
   "source": [
    "### CONSTRUÇÃO DE CAMINHOS"
   ]
  },
  {
   "cell_type": "markdown",
   "id": "a91b3962",
   "metadata": {},
   "source": [
    "Para a realização do algoritmo, é necessário definir, inicialmente, o caminho que cada formiga irá percorrer a partir de sua cidade inicial. O calcúlo da probabilidade da formiga visitar a cidade vizinha é dada pela seguinte fórmula:\n",
    "\n",
    "$$\n",
    "p_{ij}^k = \n",
    "\\frac{\n",
    "    (\\tau_{ij})^\\alpha \\cdot (\\eta_{ij})^\\beta\n",
    "}{\n",
    "    \\sum\\limits_{l \\in \\mathcal{N}_i^k} (\\tau_{il})^\\alpha \\cdot (\\eta_{il})^\\beta\n",
    "}, \\quad \\text{se } j \\in \\mathcal{N}_i^k\n",
    "$$\n",
    "\n",
    "onde \n",
    "\n",
    "p^kij =  probabilidade da formiga k ir de i para j.\n",
    "\n",
    "nij = 1/distância ij\n",
    "\n",
    "tij = quantidade de feromônio na aresta (i,j)(i,j).\n",
    "\n",
    "Nik = ​ é o conjunto de cidades ainda não visitadas pela formiga kk a partir de i.\n",
    "\n",
    "α = controla a importância do feromônio.\n",
    "\n",
    "β = controla a importância da heurística."
   ]
  },
  {
   "cell_type": "code",
   "execution_count": 18,
   "id": "08e9da50",
   "metadata": {},
   "outputs": [],
   "source": [
    "# Função que calcula a atratividade de cada aresta\n",
    "\n",
    "def calculateAtrac(origin, pheMatrix, distMatrix, not_visited):\n",
    "\n",
    "    atracDict = {}\n",
    "\n",
    "    for destiny in not_visited:\n",
    "\n",
    "        pheromonEdge = pow(pheMatrix[origin][destiny], ALPHA)\n",
    "        distEdge =     pow((1/distMatrix[origin][destiny]), BETA) \n",
    "\n",
    "        atracDict[destiny] = pheromonEdge * distEdge\n",
    "    \n",
    "    return atracDict"
   ]
  },
  {
   "cell_type": "code",
   "execution_count": 19,
   "id": "371a7dd3",
   "metadata": {},
   "outputs": [],
   "source": [
    "# Algoritmo para encontrar o \"melhor\" caminho a partir de um ponto inicial\n",
    "'''\n",
    "Recebe como parâmetros:\n",
    "- Cidade Inicial (int)\n",
    "- Matriz com o valor de feromônios de cada aresta\n",
    "- Matriz de distâncias\n",
    "'''\n",
    "\n",
    "def findPath(initialCity, pheMatrix, distMatrix):\n",
    "    path = []\n",
    "    not_visited = list(range(NUM_CITIES))\n",
    "\n",
    "    # Informa que a cidade inicial ja foi visitada\n",
    "    path.append(initialCity)\n",
    "    not_visited.remove(initialCity)\n",
    "\n",
    "\n",
    "    # Enquanto todas a cidades não forem visitadas\n",
    "    while not_visited:\n",
    "        probabilities_list = []\n",
    "\n",
    "        # Calcula a atratividade de cada cidade a partir do ponto inicial\n",
    "        atrac_dict = calculateAtrac(initialCity, pheMatrix, distMatrix, not_visited)\n",
    "\n",
    "        sum_atrac = 0\n",
    "        # Calcula a soma das atratividades\n",
    "        sum_atrac = sum(atrac_dict.values())\n",
    "\n",
    "        # Calcula a probabilidade para cada cidade\n",
    "        for city in not_visited:\n",
    "            # Lista que armazena a cidade destino + sua probabilidade\n",
    "            prob_list = []\n",
    "\n",
    "            # Calcula a probabilidade da cidade\n",
    "            cityProb = atrac_dict[city]/sum_atrac\n",
    "            # Salva valores\n",
    "            prob_list.append(city)\n",
    "            prob_list.append(cityProb)\n",
    "\n",
    "            # Salva tupla na lista com todas as probabilidades\n",
    "            probabilities_list.append(prob_list)\n",
    "\n",
    "        # Utiliza método de sorteio proporcional para selecionar o prox caminho\n",
    "        cities, probs = zip(*probabilities_list)\n",
    "        next_city = random.choices(cities, weights=probs, k=1)[0]\n",
    "\n",
    "        # Adiciona essa cidade no caminho final\n",
    "        path.append(next_city)\n",
    "        # Marca a cidade como visitada\n",
    "        not_visited.remove(next_city)\n",
    "        # Define a cidade como sendo a inicial\n",
    "        initialCity = next_city\n",
    "\n",
    "    # Retorna o caminho final\n",
    "    return path   \n",
    "        \n",
    "\n"
   ]
  },
  {
   "cell_type": "code",
   "execution_count": 22,
   "id": "0733354c",
   "metadata": {},
   "outputs": [
    {
     "name": "stdout",
     "output_type": "stream",
     "text": [
      "Caminho cidade [0]: [0, 4, 16, 5, 12, 13, 1, 8, 10, 6, 2, 7, 17, 14, 15, 3, 11, 19, 18, 9]\n",
      "Caminho cidade [1]: [1, 8, 15, 18, 17, 10, 2, 19, 14, 3, 7, 11, 5, 9, 4, 0, 16, 12, 13, 6]\n",
      "Caminho cidade [2]: [2, 12, 1, 14, 7, 3, 17, 10, 0, 15, 6, 13, 16, 5, 9, 8, 18, 11, 19, 4]\n",
      "Caminho cidade [3]: [3, 17, 7, 2, 12, 14, 1, 4, 16, 5, 10, 6, 18, 15, 0, 8, 9, 13, 11, 19]\n",
      "Caminho cidade [4]: [4, 10, 11, 14, 18, 7, 19, 2, 1, 13, 6, 9, 3, 15, 0, 17, 16, 5, 8, 12]\n",
      "Caminho cidade [5]: [5, 9, 15, 14, 16, 4, 3, 17, 10, 1, 8, 13, 6, 12, 2, 11, 0, 7, 18, 19]\n",
      "Caminho cidade [6]: [6, 15, 14, 1, 13, 12, 2, 10, 11, 5, 16, 4, 3, 17, 7, 19, 0, 9, 8, 18]\n",
      "Caminho cidade [7]: [7, 3, 15, 18, 10, 8, 1, 5, 9, 0, 2, 6, 13, 12, 11, 19, 14, 17, 4, 16]\n",
      "Caminho cidade [8]: [8, 15, 7, 10, 17, 2, 19, 14, 6, 13, 1, 12, 5, 16, 4, 3, 0, 11, 18, 9]\n",
      "Caminho cidade [9]: [9, 5, 14, 10, 15, 18, 1, 8, 16, 4, 3, 0, 2, 6, 7, 19, 11, 17, 13, 12]\n",
      "Caminho cidade [10]: [10, 5, 16, 4, 11, 1, 13, 12, 2, 7, 18, 14, 0, 3, 17, 8, 15, 6, 9, 19]\n",
      "Caminho cidade [11]: [11, 17, 3, 7, 2, 6, 16, 4, 10, 13, 1, 14, 18, 15, 19, 5, 12, 8, 0, 9]\n",
      "Caminho cidade [12]: [12, 2, 19, 11, 10, 5, 16, 4, 1, 13, 7, 17, 14, 15, 3, 0, 9, 8, 18, 6]\n",
      "Caminho cidade [13]: [13, 2, 17, 10, 4, 11, 19, 5, 16, 12, 15, 8, 7, 18, 14, 1, 0, 3, 9, 6]\n",
      "Caminho cidade [14]: [14, 18, 19, 0, 7, 2, 17, 3, 9, 5, 1, 13, 6, 10, 8, 15, 11, 16, 4, 12]\n",
      "Caminho cidade [15]: [15, 19, 11, 5, 6, 14, 17, 3, 7, 2, 10, 0, 1, 4, 16, 12, 8, 9, 18, 13]\n",
      "Caminho cidade [16]: [16, 4, 8, 11, 19, 7, 3, 14, 18, 17, 13, 5, 9, 0, 10, 6, 2, 12, 1, 15]\n",
      "Caminho cidade [17]: [17, 10, 18, 14, 16, 1, 13, 7, 8, 3, 15, 0, 12, 19, 5, 11, 2, 6, 4, 9]\n",
      "Caminho cidade [18]: [18, 7, 13, 1, 16, 14, 15, 0, 3, 17, 5, 8, 10, 4, 12, 2, 6, 11, 19, 9]\n",
      "Caminho cidade [19]: [19, 2, 10, 17, 3, 7, 18, 14, 16, 4, 6, 15, 8, 1, 11, 5, 9, 0, 13, 12]\n"
     ]
    }
   ],
   "source": [
    "# Célula para a realização de testes\n",
    "\n",
    "# Cria uma matriz com valores de feromonios igual a 1\n",
    "pheMatrix = np.ones((NUM_CITIES, NUM_CITIES))\n",
    "\n",
    "# Calcula caminhos partindo de cada cidade\n",
    "for i in range(NUM_CITIES):\n",
    "    path = findPath(i, pheMatrix, cities_distances)\n",
    "    print(f'Caminho cidade [{i}]: {path}')"
   ]
  },
  {
   "cell_type": "code",
   "execution_count": null,
   "id": "ae6f8f0b",
   "metadata": {},
   "outputs": [],
   "source": []
  }
 ],
 "metadata": {
  "kernelspec": {
   "display_name": "Python 3",
   "language": "python",
   "name": "python3"
  },
  "language_info": {
   "codemirror_mode": {
    "name": "ipython",
    "version": 3
   },
   "file_extension": ".py",
   "mimetype": "text/x-python",
   "name": "python",
   "nbconvert_exporter": "python",
   "pygments_lexer": "ipython3",
   "version": "3.12.3"
  }
 },
 "nbformat": 4,
 "nbformat_minor": 5
}
