{
 "cells": [
  {
   "cell_type": "markdown",
   "id": "5a658096",
   "metadata": {},
   "source": [
    "# Implementação ACO - Problema do Caixeiro Viajante"
   ]
  },
  {
   "cell_type": "code",
   "execution_count": 46,
   "id": "f5839f63",
   "metadata": {},
   "outputs": [],
   "source": [
    "# Célula de imports\n",
    "\n",
    "import numpy as np\n",
    "import random \n",
    "import matplotlib.pyplot as plt\n",
    "import pandas as pd"
   ]
  },
  {
   "cell_type": "markdown",
   "id": "fbd62906",
   "metadata": {},
   "source": [
    "### Planilha com a distância de cada cidade"
   ]
  },
  {
   "cell_type": "code",
   "execution_count": 47,
   "id": "c969084e",
   "metadata": {},
   "outputs": [
    {
     "data": {
      "text/html": [
       "<div>\n",
       "<style scoped>\n",
       "    .dataframe tbody tr th:only-of-type {\n",
       "        vertical-align: middle;\n",
       "    }\n",
       "\n",
       "    .dataframe tbody tr th {\n",
       "        vertical-align: top;\n",
       "    }\n",
       "\n",
       "    .dataframe thead th {\n",
       "        text-align: right;\n",
       "    }\n",
       "</style>\n",
       "<table border=\"1\" class=\"dataframe\">\n",
       "  <thead>\n",
       "    <tr style=\"text-align: right;\">\n",
       "      <th></th>\n",
       "      <th>0</th>\n",
       "      <th>1</th>\n",
       "      <th>2</th>\n",
       "      <th>3</th>\n",
       "      <th>4</th>\n",
       "      <th>5</th>\n",
       "      <th>6</th>\n",
       "      <th>7</th>\n",
       "      <th>8</th>\n",
       "      <th>9</th>\n",
       "      <th>10</th>\n",
       "      <th>11</th>\n",
       "      <th>12</th>\n",
       "      <th>13</th>\n",
       "      <th>14</th>\n",
       "      <th>15</th>\n",
       "      <th>16</th>\n",
       "      <th>17</th>\n",
       "      <th>18</th>\n",
       "      <th>19</th>\n",
       "    </tr>\n",
       "  </thead>\n",
       "  <tbody>\n",
       "    <tr>\n",
       "      <th>0</th>\n",
       "      <td>0.000</td>\n",
       "      <td>66.000</td>\n",
       "      <td>103.000</td>\n",
       "      <td>58.000</td>\n",
       "      <td>151.000</td>\n",
       "      <td>210.000</td>\n",
       "      <td>231.000</td>\n",
       "      <td>188.000</td>\n",
       "      <td>170.000</td>\n",
       "      <td>182.000</td>\n",
       "      <td>63.000</td>\n",
       "      <td>170.000</td>\n",
       "      <td>187.000</td>\n",
       "      <td>218.000</td>\n",
       "      <td>111.000</td>\n",
       "      <td>82.000</td>\n",
       "      <td>134.000</td>\n",
       "      <td>218.000</td>\n",
       "      <td>248.000</td>\n",
       "      <td>135.000</td>\n",
       "    </tr>\n",
       "    <tr>\n",
       "      <th>1</th>\n",
       "      <td>66.000</td>\n",
       "      <td>0.000</td>\n",
       "      <td>118.000</td>\n",
       "      <td>138.000</td>\n",
       "      <td>55.000</td>\n",
       "      <td>83.000</td>\n",
       "      <td>245.000</td>\n",
       "      <td>236.000</td>\n",
       "      <td>78.000</td>\n",
       "      <td>171.000</td>\n",
       "      <td>96.000</td>\n",
       "      <td>121.000</td>\n",
       "      <td>244.000</td>\n",
       "      <td>57.000</td>\n",
       "      <td>60.000</td>\n",
       "      <td>212.000</td>\n",
       "      <td>101.000</td>\n",
       "      <td>214.000</td>\n",
       "      <td>194.000</td>\n",
       "      <td>247.000</td>\n",
       "    </tr>\n",
       "    <tr>\n",
       "      <th>2</th>\n",
       "      <td>103.000</td>\n",
       "      <td>118.000</td>\n",
       "      <td>0.000</td>\n",
       "      <td>242.000</td>\n",
       "      <td>190.000</td>\n",
       "      <td>239.000</td>\n",
       "      <td>80.000</td>\n",
       "      <td>68.000</td>\n",
       "      <td>248.000</td>\n",
       "      <td>128.000</td>\n",
       "      <td>71.000</td>\n",
       "      <td>131.000</td>\n",
       "      <td>68.000</td>\n",
       "      <td>182.000</td>\n",
       "      <td>193.000</td>\n",
       "      <td>158.000</td>\n",
       "      <td>225.000</td>\n",
       "      <td>99.000</td>\n",
       "      <td>189.000</td>\n",
       "      <td>86.000</td>\n",
       "    </tr>\n",
       "    <tr>\n",
       "      <th>3</th>\n",
       "      <td>58.000</td>\n",
       "      <td>138.000</td>\n",
       "      <td>242.000</td>\n",
       "      <td>0.000</td>\n",
       "      <td>104.000</td>\n",
       "      <td>186.000</td>\n",
       "      <td>206.000</td>\n",
       "      <td>56.000</td>\n",
       "      <td>172.000</td>\n",
       "      <td>178.000</td>\n",
       "      <td>204.000</td>\n",
       "      <td>197.000</td>\n",
       "      <td>185.000</td>\n",
       "      <td>236.000</td>\n",
       "      <td>79.000</td>\n",
       "      <td>65.000</td>\n",
       "      <td>123.000</td>\n",
       "      <td>53.000</td>\n",
       "      <td>227.000</td>\n",
       "      <td>194.000</td>\n",
       "    </tr>\n",
       "    <tr>\n",
       "      <th>4</th>\n",
       "      <td>151.000</td>\n",
       "      <td>55.000</td>\n",
       "      <td>190.000</td>\n",
       "      <td>104.000</td>\n",
       "      <td>0.000</td>\n",
       "      <td>215.000</td>\n",
       "      <td>181.000</td>\n",
       "      <td>236.000</td>\n",
       "      <td>166.000</td>\n",
       "      <td>207.000</td>\n",
       "      <td>53.000</td>\n",
       "      <td>82.000</td>\n",
       "      <td>205.000</td>\n",
       "      <td>200.000</td>\n",
       "      <td>234.000</td>\n",
       "      <td>244.000</td>\n",
       "      <td>58.000</td>\n",
       "      <td>152.000</td>\n",
       "      <td>244.000</td>\n",
       "      <td>249.000</td>\n",
       "    </tr>\n",
       "    <tr>\n",
       "      <th>5</th>\n",
       "      <td>210.000</td>\n",
       "      <td>83.000</td>\n",
       "      <td>239.000</td>\n",
       "      <td>186.000</td>\n",
       "      <td>215.000</td>\n",
       "      <td>0.000</td>\n",
       "      <td>142.000</td>\n",
       "      <td>121.000</td>\n",
       "      <td>156.000</td>\n",
       "      <td>70.000</td>\n",
       "      <td>81.000</td>\n",
       "      <td>64.000</td>\n",
       "      <td>163.000</td>\n",
       "      <td>131.000</td>\n",
       "      <td>222.000</td>\n",
       "      <td>176.000</td>\n",
       "      <td>58.000</td>\n",
       "      <td>148.000</td>\n",
       "      <td>186.000</td>\n",
       "      <td>89.000</td>\n",
       "    </tr>\n",
       "    <tr>\n",
       "      <th>6</th>\n",
       "      <td>231.000</td>\n",
       "      <td>245.000</td>\n",
       "      <td>80.000</td>\n",
       "      <td>206.000</td>\n",
       "      <td>181.000</td>\n",
       "      <td>142.000</td>\n",
       "      <td>0.000</td>\n",
       "      <td>133.000</td>\n",
       "      <td>222.000</td>\n",
       "      <td>227.000</td>\n",
       "      <td>79.000</td>\n",
       "      <td>133.000</td>\n",
       "      <td>220.000</td>\n",
       "      <td>88.000</td>\n",
       "      <td>59.000</td>\n",
       "      <td>127.000</td>\n",
       "      <td>143.000</td>\n",
       "      <td>225.000</td>\n",
       "      <td>125.000</td>\n",
       "      <td>246.000</td>\n",
       "    </tr>\n",
       "    <tr>\n",
       "      <th>7</th>\n",
       "      <td>188.000</td>\n",
       "      <td>236.000</td>\n",
       "      <td>68.000</td>\n",
       "      <td>56.000</td>\n",
       "      <td>236.000</td>\n",
       "      <td>121.000</td>\n",
       "      <td>133.000</td>\n",
       "      <td>0.000</td>\n",
       "      <td>143.000</td>\n",
       "      <td>175.000</td>\n",
       "      <td>241.000</td>\n",
       "      <td>164.000</td>\n",
       "      <td>212.000</td>\n",
       "      <td>92.000</td>\n",
       "      <td>110.000</td>\n",
       "      <td>113.000</td>\n",
       "      <td>182.000</td>\n",
       "      <td>53.000</td>\n",
       "      <td>56.000</td>\n",
       "      <td>99.000</td>\n",
       "    </tr>\n",
       "    <tr>\n",
       "      <th>8</th>\n",
       "      <td>170.000</td>\n",
       "      <td>78.000</td>\n",
       "      <td>248.000</td>\n",
       "      <td>172.000</td>\n",
       "      <td>166.000</td>\n",
       "      <td>156.000</td>\n",
       "      <td>222.000</td>\n",
       "      <td>143.000</td>\n",
       "      <td>0.000</td>\n",
       "      <td>100.000</td>\n",
       "      <td>55.000</td>\n",
       "      <td>130.000</td>\n",
       "      <td>113.000</td>\n",
       "      <td>211.000</td>\n",
       "      <td>162.000</td>\n",
       "      <td>79.000</td>\n",
       "      <td>152.000</td>\n",
       "      <td>245.000</td>\n",
       "      <td>164.000</td>\n",
       "      <td>239.000</td>\n",
       "    </tr>\n",
       "    <tr>\n",
       "      <th>9</th>\n",
       "      <td>182.000</td>\n",
       "      <td>171.000</td>\n",
       "      <td>128.000</td>\n",
       "      <td>178.000</td>\n",
       "      <td>207.000</td>\n",
       "      <td>70.000</td>\n",
       "      <td>227.000</td>\n",
       "      <td>175.000</td>\n",
       "      <td>100.000</td>\n",
       "      <td>0.000</td>\n",
       "      <td>233.000</td>\n",
       "      <td>153.000</td>\n",
       "      <td>235.000</td>\n",
       "      <td>238.000</td>\n",
       "      <td>239.000</td>\n",
       "      <td>238.000</td>\n",
       "      <td>180.000</td>\n",
       "      <td>219.000</td>\n",
       "      <td>167.000</td>\n",
       "      <td>237.000</td>\n",
       "    </tr>\n",
       "    <tr>\n",
       "      <th>10</th>\n",
       "      <td>63.000</td>\n",
       "      <td>96.000</td>\n",
       "      <td>71.000</td>\n",
       "      <td>204.000</td>\n",
       "      <td>53.000</td>\n",
       "      <td>81.000</td>\n",
       "      <td>79.000</td>\n",
       "      <td>241.000</td>\n",
       "      <td>55.000</td>\n",
       "      <td>233.000</td>\n",
       "      <td>0.000</td>\n",
       "      <td>61.000</td>\n",
       "      <td>169.000</td>\n",
       "      <td>90.000</td>\n",
       "      <td>160.000</td>\n",
       "      <td>78.000</td>\n",
       "      <td>245.000</td>\n",
       "      <td>65.000</td>\n",
       "      <td>132.000</td>\n",
       "      <td>120.000</td>\n",
       "    </tr>\n",
       "    <tr>\n",
       "      <th>11</th>\n",
       "      <td>170.000</td>\n",
       "      <td>121.000</td>\n",
       "      <td>131.000</td>\n",
       "      <td>197.000</td>\n",
       "      <td>82.000</td>\n",
       "      <td>64.000</td>\n",
       "      <td>133.000</td>\n",
       "      <td>164.000</td>\n",
       "      <td>130.000</td>\n",
       "      <td>153.000</td>\n",
       "      <td>61.000</td>\n",
       "      <td>0.000</td>\n",
       "      <td>151.000</td>\n",
       "      <td>223.000</td>\n",
       "      <td>114.000</td>\n",
       "      <td>202.000</td>\n",
       "      <td>101.000</td>\n",
       "      <td>192.000</td>\n",
       "      <td>153.000</td>\n",
       "      <td>69.000</td>\n",
       "    </tr>\n",
       "    <tr>\n",
       "      <th>12</th>\n",
       "      <td>187.000</td>\n",
       "      <td>244.000</td>\n",
       "      <td>68.000</td>\n",
       "      <td>185.000</td>\n",
       "      <td>205.000</td>\n",
       "      <td>163.000</td>\n",
       "      <td>220.000</td>\n",
       "      <td>212.000</td>\n",
       "      <td>113.000</td>\n",
       "      <td>235.000</td>\n",
       "      <td>169.000</td>\n",
       "      <td>151.000</td>\n",
       "      <td>0.000</td>\n",
       "      <td>78.000</td>\n",
       "      <td>152.000</td>\n",
       "      <td>188.000</td>\n",
       "      <td>109.000</td>\n",
       "      <td>108.000</td>\n",
       "      <td>246.000</td>\n",
       "      <td>75.000</td>\n",
       "    </tr>\n",
       "    <tr>\n",
       "      <th>13</th>\n",
       "      <td>218.000</td>\n",
       "      <td>57.000</td>\n",
       "      <td>182.000</td>\n",
       "      <td>236.000</td>\n",
       "      <td>200.000</td>\n",
       "      <td>131.000</td>\n",
       "      <td>88.000</td>\n",
       "      <td>92.000</td>\n",
       "      <td>211.000</td>\n",
       "      <td>238.000</td>\n",
       "      <td>90.000</td>\n",
       "      <td>223.000</td>\n",
       "      <td>78.000</td>\n",
       "      <td>0.000</td>\n",
       "      <td>185.000</td>\n",
       "      <td>133.000</td>\n",
       "      <td>223.000</td>\n",
       "      <td>180.000</td>\n",
       "      <td>224.000</td>\n",
       "      <td>185.000</td>\n",
       "    </tr>\n",
       "    <tr>\n",
       "      <th>14</th>\n",
       "      <td>111.000</td>\n",
       "      <td>60.000</td>\n",
       "      <td>193.000</td>\n",
       "      <td>79.000</td>\n",
       "      <td>234.000</td>\n",
       "      <td>222.000</td>\n",
       "      <td>59.000</td>\n",
       "      <td>110.000</td>\n",
       "      <td>162.000</td>\n",
       "      <td>239.000</td>\n",
       "      <td>160.000</td>\n",
       "      <td>114.000</td>\n",
       "      <td>152.000</td>\n",
       "      <td>185.000</td>\n",
       "      <td>0.000</td>\n",
       "      <td>84.000</td>\n",
       "      <td>56.000</td>\n",
       "      <td>87.000</td>\n",
       "      <td>61.000</td>\n",
       "      <td>152.000</td>\n",
       "    </tr>\n",
       "    <tr>\n",
       "      <th>15</th>\n",
       "      <td>82.000</td>\n",
       "      <td>212.000</td>\n",
       "      <td>158.000</td>\n",
       "      <td>65.000</td>\n",
       "      <td>244.000</td>\n",
       "      <td>176.000</td>\n",
       "      <td>127.000</td>\n",
       "      <td>113.000</td>\n",
       "      <td>79.000</td>\n",
       "      <td>238.000</td>\n",
       "      <td>78.000</td>\n",
       "      <td>202.000</td>\n",
       "      <td>188.000</td>\n",
       "      <td>133.000</td>\n",
       "      <td>84.000</td>\n",
       "      <td>0.000</td>\n",
       "      <td>239.000</td>\n",
       "      <td>129.000</td>\n",
       "      <td>83.000</td>\n",
       "      <td>152.000</td>\n",
       "    </tr>\n",
       "    <tr>\n",
       "      <th>16</th>\n",
       "      <td>134.000</td>\n",
       "      <td>101.000</td>\n",
       "      <td>225.000</td>\n",
       "      <td>123.000</td>\n",
       "      <td>58.000</td>\n",
       "      <td>58.000</td>\n",
       "      <td>143.000</td>\n",
       "      <td>182.000</td>\n",
       "      <td>152.000</td>\n",
       "      <td>180.000</td>\n",
       "      <td>245.000</td>\n",
       "      <td>101.000</td>\n",
       "      <td>109.000</td>\n",
       "      <td>223.000</td>\n",
       "      <td>56.000</td>\n",
       "      <td>239.000</td>\n",
       "      <td>0.000</td>\n",
       "      <td>215.000</td>\n",
       "      <td>218.000</td>\n",
       "      <td>224.000</td>\n",
       "    </tr>\n",
       "    <tr>\n",
       "      <th>17</th>\n",
       "      <td>218.000</td>\n",
       "      <td>214.000</td>\n",
       "      <td>99.000</td>\n",
       "      <td>53.000</td>\n",
       "      <td>152.000</td>\n",
       "      <td>148.000</td>\n",
       "      <td>225.000</td>\n",
       "      <td>53.000</td>\n",
       "      <td>245.000</td>\n",
       "      <td>219.000</td>\n",
       "      <td>65.000</td>\n",
       "      <td>192.000</td>\n",
       "      <td>108.000</td>\n",
       "      <td>180.000</td>\n",
       "      <td>87.000</td>\n",
       "      <td>129.000</td>\n",
       "      <td>215.000</td>\n",
       "      <td>0.000</td>\n",
       "      <td>152.000</td>\n",
       "      <td>170.000</td>\n",
       "    </tr>\n",
       "    <tr>\n",
       "      <th>18</th>\n",
       "      <td>248.000</td>\n",
       "      <td>194.000</td>\n",
       "      <td>189.000</td>\n",
       "      <td>227.000</td>\n",
       "      <td>244.000</td>\n",
       "      <td>186.000</td>\n",
       "      <td>125.000</td>\n",
       "      <td>56.000</td>\n",
       "      <td>164.000</td>\n",
       "      <td>167.000</td>\n",
       "      <td>132.000</td>\n",
       "      <td>153.000</td>\n",
       "      <td>246.000</td>\n",
       "      <td>224.000</td>\n",
       "      <td>61.000</td>\n",
       "      <td>83.000</td>\n",
       "      <td>218.000</td>\n",
       "      <td>152.000</td>\n",
       "      <td>0.000</td>\n",
       "      <td>126.000</td>\n",
       "    </tr>\n",
       "    <tr>\n",
       "      <th>19</th>\n",
       "      <td>135.000</td>\n",
       "      <td>247.000</td>\n",
       "      <td>86.000</td>\n",
       "      <td>194.000</td>\n",
       "      <td>249.000</td>\n",
       "      <td>89.000</td>\n",
       "      <td>246.000</td>\n",
       "      <td>99.000</td>\n",
       "      <td>239.000</td>\n",
       "      <td>237.000</td>\n",
       "      <td>120.000</td>\n",
       "      <td>69.000</td>\n",
       "      <td>75.000</td>\n",
       "      <td>185.000</td>\n",
       "      <td>152.000</td>\n",
       "      <td>152.000</td>\n",
       "      <td>224.000</td>\n",
       "      <td>170.000</td>\n",
       "      <td>126.000</td>\n",
       "      <td>0.000</td>\n",
       "    </tr>\n",
       "  </tbody>\n",
       "</table>\n",
       "</div>"
      ],
      "text/plain": [
       "        0       1       2       3       4       5       6       7       8   \\\n",
       "0    0.000  66.000 103.000  58.000 151.000 210.000 231.000 188.000 170.000   \n",
       "1   66.000   0.000 118.000 138.000  55.000  83.000 245.000 236.000  78.000   \n",
       "2  103.000 118.000   0.000 242.000 190.000 239.000  80.000  68.000 248.000   \n",
       "3   58.000 138.000 242.000   0.000 104.000 186.000 206.000  56.000 172.000   \n",
       "4  151.000  55.000 190.000 104.000   0.000 215.000 181.000 236.000 166.000   \n",
       "5  210.000  83.000 239.000 186.000 215.000   0.000 142.000 121.000 156.000   \n",
       "6  231.000 245.000  80.000 206.000 181.000 142.000   0.000 133.000 222.000   \n",
       "7  188.000 236.000  68.000  56.000 236.000 121.000 133.000   0.000 143.000   \n",
       "8  170.000  78.000 248.000 172.000 166.000 156.000 222.000 143.000   0.000   \n",
       "9  182.000 171.000 128.000 178.000 207.000  70.000 227.000 175.000 100.000   \n",
       "10  63.000  96.000  71.000 204.000  53.000  81.000  79.000 241.000  55.000   \n",
       "11 170.000 121.000 131.000 197.000  82.000  64.000 133.000 164.000 130.000   \n",
       "12 187.000 244.000  68.000 185.000 205.000 163.000 220.000 212.000 113.000   \n",
       "13 218.000  57.000 182.000 236.000 200.000 131.000  88.000  92.000 211.000   \n",
       "14 111.000  60.000 193.000  79.000 234.000 222.000  59.000 110.000 162.000   \n",
       "15  82.000 212.000 158.000  65.000 244.000 176.000 127.000 113.000  79.000   \n",
       "16 134.000 101.000 225.000 123.000  58.000  58.000 143.000 182.000 152.000   \n",
       "17 218.000 214.000  99.000  53.000 152.000 148.000 225.000  53.000 245.000   \n",
       "18 248.000 194.000 189.000 227.000 244.000 186.000 125.000  56.000 164.000   \n",
       "19 135.000 247.000  86.000 194.000 249.000  89.000 246.000  99.000 239.000   \n",
       "\n",
       "        9       10      11      12      13      14      15      16      17  \\\n",
       "0  182.000  63.000 170.000 187.000 218.000 111.000  82.000 134.000 218.000   \n",
       "1  171.000  96.000 121.000 244.000  57.000  60.000 212.000 101.000 214.000   \n",
       "2  128.000  71.000 131.000  68.000 182.000 193.000 158.000 225.000  99.000   \n",
       "3  178.000 204.000 197.000 185.000 236.000  79.000  65.000 123.000  53.000   \n",
       "4  207.000  53.000  82.000 205.000 200.000 234.000 244.000  58.000 152.000   \n",
       "5   70.000  81.000  64.000 163.000 131.000 222.000 176.000  58.000 148.000   \n",
       "6  227.000  79.000 133.000 220.000  88.000  59.000 127.000 143.000 225.000   \n",
       "7  175.000 241.000 164.000 212.000  92.000 110.000 113.000 182.000  53.000   \n",
       "8  100.000  55.000 130.000 113.000 211.000 162.000  79.000 152.000 245.000   \n",
       "9    0.000 233.000 153.000 235.000 238.000 239.000 238.000 180.000 219.000   \n",
       "10 233.000   0.000  61.000 169.000  90.000 160.000  78.000 245.000  65.000   \n",
       "11 153.000  61.000   0.000 151.000 223.000 114.000 202.000 101.000 192.000   \n",
       "12 235.000 169.000 151.000   0.000  78.000 152.000 188.000 109.000 108.000   \n",
       "13 238.000  90.000 223.000  78.000   0.000 185.000 133.000 223.000 180.000   \n",
       "14 239.000 160.000 114.000 152.000 185.000   0.000  84.000  56.000  87.000   \n",
       "15 238.000  78.000 202.000 188.000 133.000  84.000   0.000 239.000 129.000   \n",
       "16 180.000 245.000 101.000 109.000 223.000  56.000 239.000   0.000 215.000   \n",
       "17 219.000  65.000 192.000 108.000 180.000  87.000 129.000 215.000   0.000   \n",
       "18 167.000 132.000 153.000 246.000 224.000  61.000  83.000 218.000 152.000   \n",
       "19 237.000 120.000  69.000  75.000 185.000 152.000 152.000 224.000 170.000   \n",
       "\n",
       "        18      19  \n",
       "0  248.000 135.000  \n",
       "1  194.000 247.000  \n",
       "2  189.000  86.000  \n",
       "3  227.000 194.000  \n",
       "4  244.000 249.000  \n",
       "5  186.000  89.000  \n",
       "6  125.000 246.000  \n",
       "7   56.000  99.000  \n",
       "8  164.000 239.000  \n",
       "9  167.000 237.000  \n",
       "10 132.000 120.000  \n",
       "11 153.000  69.000  \n",
       "12 246.000  75.000  \n",
       "13 224.000 185.000  \n",
       "14  61.000 152.000  \n",
       "15  83.000 152.000  \n",
       "16 218.000 224.000  \n",
       "17 152.000 170.000  \n",
       "18   0.000 126.000  \n",
       "19 126.000   0.000  "
      ]
     },
     "execution_count": 47,
     "metadata": {},
     "output_type": "execute_result"
    }
   ],
   "source": [
    "# Célula para ler o planilha com as distâncias\n",
    "df = pd.read_csv('distancia_matrix.csv', header=None)\n",
    "\n",
    "cities_distances = df\n",
    "\n",
    "cities_distances"
   ]
  },
  {
   "cell_type": "markdown",
   "id": "a3af178e",
   "metadata": {},
   "source": [
    "### PARÂMETROS GLOBAIS"
   ]
  },
  {
   "cell_type": "code",
   "execution_count": 56,
   "id": "362829d9",
   "metadata": {},
   "outputs": [],
   "source": [
    "NUM_CITIES = len(df)\n",
    "EVAPORATION_RATE = 0.5\n",
    "PHEROMONE_RATE = 100\n",
    "ALPHA = 2\n",
    "BETA = 3\n",
    "ELITISM_FACTOR = 2"
   ]
  },
  {
   "cell_type": "markdown",
   "id": "4e411580",
   "metadata": {},
   "source": [
    "### CONSTRUÇÃO DE CAMINHOS"
   ]
  },
  {
   "cell_type": "markdown",
   "id": "a91b3962",
   "metadata": {},
   "source": [
    "Para a realização do algoritmo, é necessário definir, inicialmente, o caminho que cada formiga irá percorrer a partir de sua cidade inicial. O calcúlo da probabilidade da formiga visitar a cidade vizinha é dada pela seguinte fórmula:\n",
    "\n",
    "$$\n",
    "p_{ij}^k = \n",
    "\\frac{\n",
    "    (\\tau_{ij})^\\alpha \\cdot (\\eta_{ij})^\\beta\n",
    "}{\n",
    "    \\sum\\limits_{l \\in \\mathcal{N}_i^k} (\\tau_{il})^\\alpha \\cdot (\\eta_{il})^\\beta\n",
    "}, \\quad \\text{se } j \\in \\mathcal{N}_i^k\n",
    "$$\n",
    "\n",
    "onde \n",
    "\n",
    "p^kij =  probabilidade da formiga k ir de i para j.\n",
    "\n",
    "nij = 1/distância ij\n",
    "\n",
    "tij = quantidade de feromônio na aresta (i,j)(i,j).\n",
    "\n",
    "Nik = ​ é o conjunto de cidades ainda não visitadas pela formiga kk a partir de i.\n",
    "\n",
    "α = controla a importância do feromônio.\n",
    "\n",
    "β = controla a importância da heurística."
   ]
  },
  {
   "cell_type": "code",
   "execution_count": 49,
   "id": "08e9da50",
   "metadata": {},
   "outputs": [],
   "source": [
    "# Função que calcula a atratividade de cada aresta\n",
    "\n",
    "def calculateAtrac(origin, pheMatrix, distMatrix, not_visited):\n",
    "\n",
    "    atracDict = {}\n",
    "\n",
    "    for destiny in not_visited:\n",
    "\n",
    "        pheromonEdge = pow(pheMatrix[origin][destiny], ALPHA)\n",
    "        distEdge =     pow((1/distMatrix[origin][destiny]), BETA) \n",
    "\n",
    "        atracDict[destiny] = pheromonEdge * distEdge\n",
    "    \n",
    "    return atracDict"
   ]
  },
  {
   "cell_type": "code",
   "execution_count": 50,
   "id": "371a7dd3",
   "metadata": {},
   "outputs": [],
   "source": [
    "# Algoritmo para encontrar o \"melhor\" caminho a partir de um ponto inicial\n",
    "'''\n",
    "Recebe como parâmetros:\n",
    "- Cidade Inicial (int)\n",
    "- Matriz com o valor de feromônios de cada aresta\n",
    "- Matriz de distâncias\n",
    "'''\n",
    "\n",
    "def findPath(initialCity, pheMatrix, distMatrix):\n",
    "    path = []\n",
    "    not_visited = list(range(NUM_CITIES))\n",
    "\n",
    "    # Informa que a cidade inicial ja foi visitada\n",
    "    path.append(initialCity)\n",
    "    not_visited.remove(initialCity)\n",
    "\n",
    "\n",
    "    # Enquanto todas a cidades não forem visitadas\n",
    "    while not_visited:\n",
    "        probabilities_list = []\n",
    "\n",
    "        # Calcula a atratividade de cada cidade a partir do ponto inicial\n",
    "        atrac_dict = calculateAtrac(initialCity, pheMatrix, distMatrix, not_visited)\n",
    "\n",
    "        sum_atrac = 0\n",
    "        # Calcula a soma das atratividades\n",
    "        sum_atrac = sum(atrac_dict.values())\n",
    "\n",
    "        # Calcula a probabilidade para cada cidade\n",
    "        for city in not_visited:\n",
    "            # Lista que armazena a cidade destino + sua probabilidade\n",
    "            prob_list = []\n",
    "\n",
    "            # Calcula a probabilidade da cidade\n",
    "            cityProb = atrac_dict[city]/sum_atrac\n",
    "            # Salva valores\n",
    "            prob_list.append(city)\n",
    "            prob_list.append(cityProb)\n",
    "\n",
    "            # Salva tupla na lista com todas as probabilidades\n",
    "            probabilities_list.append(prob_list)\n",
    "\n",
    "        # Utiliza método de sorteio proporcional para selecionar o prox caminho\n",
    "        cities, probs = zip(*probabilities_list)\n",
    "        next_city = random.choices(cities, weights=probs, k=1)[0]\n",
    "\n",
    "        # Adiciona essa cidade no caminho final\n",
    "        path.append(next_city)\n",
    "        # Marca a cidade como visitada\n",
    "        not_visited.remove(next_city)\n",
    "        # Define a cidade como sendo a inicial\n",
    "        initialCity = next_city\n",
    "\n",
    "    # Retorna o caminho final\n",
    "    return path   \n",
    "        \n",
    "\n"
   ]
  },
  {
   "cell_type": "code",
   "execution_count": 51,
   "id": "0733354c",
   "metadata": {},
   "outputs": [
    {
     "name": "stdout",
     "output_type": "stream",
     "text": [
      "Caminho cidade [0]: [0, 10, 14, 16, 4, 1, 5, 11, 18, 15, 8, 9, 2, 12, 19, 7, 17, 3, 13, 6]\n",
      "Caminho cidade [1]: [1, 16, 5, 9, 10, 11, 19, 6, 14, 15, 2, 7, 18, 17, 3, 0, 4, 8, 12, 13]\n",
      "Caminho cidade [2]: [2, 6, 18, 16, 5, 10, 4, 3, 13, 1, 0, 8, 15, 9, 14, 11, 19, 12, 17, 7]\n",
      "Caminho cidade [3]: [3, 7, 17, 13, 5, 9, 11, 16, 2, 12, 19, 10, 4, 1, 14, 6, 18, 15, 8, 0]\n",
      "Caminho cidade [4]: [4, 16, 1, 5, 11, 19, 12, 2, 6, 14, 17, 10, 8, 15, 13, 7, 3, 0, 9, 18]\n",
      "Caminho cidade [5]: [5, 8, 1, 4, 10, 13, 7, 18, 14, 6, 2, 19, 11, 9, 0, 3, 15, 17, 16, 12]\n",
      "Caminho cidade [6]: [6, 15, 14, 16, 5, 9, 2, 10, 0, 3, 17, 7, 19, 11, 8, 1, 4, 12, 18, 13]\n",
      "Caminho cidade [7]: [7, 6, 14, 16, 11, 10, 2, 17, 3, 4, 1, 12, 8, 9, 5, 19, 18, 15, 0, 13]\n",
      "Caminho cidade [8]: [8, 12, 2, 18, 15, 3, 7, 17, 10, 5, 9, 11, 14, 0, 1, 13, 6, 16, 4, 19]\n",
      "Caminho cidade [9]: [9, 5, 8, 10, 17, 7, 2, 12, 19, 11, 4, 16, 14, 6, 3, 0, 15, 18, 1, 13]\n",
      "Caminho cidade [10]: [10, 2, 19, 5, 8, 18, 7, 14, 0, 11, 4, 1, 12, 13, 6, 15, 3, 17, 9, 16]\n",
      "Caminho cidade [11]: [11, 5, 6, 14, 15, 8, 9, 12, 19, 2, 16, 4, 10, 18, 7, 17, 3, 0, 1, 13]\n",
      "Caminho cidade [12]: [12, 13, 0, 11, 19, 7, 18, 15, 14, 6, 2, 10, 5, 16, 1, 4, 17, 3, 9, 8]\n",
      "Caminho cidade [13]: [13, 10, 0, 3, 17, 7, 18, 6, 4, 1, 14, 16, 5, 11, 12, 19, 2, 9, 8, 15]\n",
      "Caminho cidade [14]: [14, 6, 2, 7, 17, 12, 19, 11, 5, 16, 4, 1, 8, 10, 0, 3, 15, 13, 18, 9]\n",
      "Caminho cidade [15]: [15, 7, 3, 16, 14, 0, 4, 10, 8, 11, 19, 5, 9, 2, 17, 12, 13, 1, 18, 6]\n",
      "Caminho cidade [16]: [16, 8, 10, 0, 3, 7, 17, 18, 15, 14, 6, 4, 1, 13, 12, 19, 11, 5, 9, 2]\n",
      "Caminho cidade [17]: [17, 3, 7, 2, 12, 13, 1, 14, 16, 4, 10, 0, 15, 18, 6, 11, 19, 5, 9, 8]\n",
      "Caminho cidade [18]: [18, 7, 3, 17, 11, 19, 2, 6, 14, 16, 4, 10, 8, 9, 5, 0, 15, 13, 1, 12]\n",
      "Caminho cidade [19]: [19, 12, 2, 7, 13, 17, 10, 8, 15, 18, 14, 6, 16, 1, 4, 0, 3, 5, 11, 9]\n"
     ]
    }
   ],
   "source": [
    "# Célula para a realização de testes\n",
    "\n",
    "# Cria uma matriz com valores de feromonios igual a 1\n",
    "pheMatrix = np.ones((NUM_CITIES, NUM_CITIES))\n",
    "\n",
    "# Lista para salvar os caminhos\n",
    "paths = []\n",
    "\n",
    "# Calcula caminhos partindo de cada cidade\n",
    "for i in range(NUM_CITIES):\n",
    "    path = findPath(i, pheMatrix, cities_distances)\n",
    "    paths.append(path)\n",
    "    print(f'Caminho cidade [{i}]: {path}')"
   ]
  },
  {
   "cell_type": "markdown",
   "id": "7ef07530",
   "metadata": {},
   "source": [
    "### ATUALIZAÇÃO DO FEROMÔNIO"
   ]
  },
  {
   "cell_type": "markdown",
   "id": "e8a41e72",
   "metadata": {},
   "source": [
    "Após realizado o cálculo dos caminhos, é necessário atualizar o feromônio associado a cada aresta que foi visitada pelas formigas. A atualização se dá pela fórmula:\n",
    "\n",
    "$$\n",
    "\\tau_{ij}(t + 1) = (1 - \\rho)\\tau_{ij}(t) + \\sum_{k=1}^{m} \\Delta \\tau_{ij}^k(t)\n",
    "$$\n",
    "\n",
    "Onde:\n",
    "\n",
    "Tij(t) = quantidade de feromônio na aresta (i, j) no tempo t\n",
    "\n",
    "p =  taxa de evaporação (entre 0 e 1)\n",
    "\n",
    "deltaTkij(t) =  quantidade de feromônio depositada pela formiga kk na \n",
    "aresta (i, j)\n",
    "\n",
    "m = numero de formigas\n",
    "\n",
    "O valor a ser depositado será dado por:\n",
    "\n",
    "$$\n",
    "\\Delta \\tau_{ij}^k =\n",
    "\\begin{cases}\n",
    "\\frac{Q}{L_k}, & \\text{se a aresta } (i,j) \\in S_k \\\\\n",
    "0, & \\text{caso contrário}\n",
    "\\end{cases}\n",
    "$$\n",
    "\n",
    "Onde:\n",
    "\n",
    "Q = constante de depósito de feromônio\n",
    "\n",
    "Lk​ = comprimento total da rota percorrida pela formiga kk\n",
    "\n",
    "Sk​ = rota construída pela formiga k\n",
    "\n"
   ]
  },
  {
   "cell_type": "markdown",
   "id": "a7ebde91",
   "metadata": {},
   "source": [
    "Logo, precisamos calcular Lk para cada rota encontrada"
   ]
  },
  {
   "cell_type": "code",
   "execution_count": 52,
   "id": "7be396de",
   "metadata": {},
   "outputs": [],
   "source": [
    "# Função para calcular o comprimento de cada rota\n",
    "\n",
    "def calculatePathLength(paths, distMatrix):\n",
    "    pathsLengths = []\n",
    "\n",
    "    # Itera por cada caminho gerado\n",
    "    for path in paths:\n",
    "        # Pega o indice da cidade i e pega sua aresta com i + 1\n",
    "        length = 0\n",
    "        pathLength = []\n",
    "        for i in range(len(path) -1):\n",
    "\n",
    "            origin = path[i]\n",
    "            destiny = path[i + 1]\n",
    "            # Adiciona na distancia final\n",
    "            length += distMatrix[origin][destiny]\n",
    "\n",
    "        # Monta a tupla com caminho e length\n",
    "        pathLength.append(path)\n",
    "        pathLength.append(length)\n",
    "\n",
    "        # Adiciona na lista final\n",
    "        pathsLengths.append(pathLength)\n",
    "\n",
    "    return pathsLengths\n"
   ]
  },
  {
   "cell_type": "code",
   "execution_count": 53,
   "id": "3ab6b01d",
   "metadata": {},
   "outputs": [
    {
     "name": "stdout",
     "output_type": "stream",
     "text": [
      "Caminho cidade [0]: [0, 10, 14, 16, 4, 1, 5, 11, 18, 15, 8, 9, 2, 12, 19, 7, 17, 3, 13, 6]\n",
      "Distancia Total: 1754.0\n",
      "\n",
      "Caminho cidade [1]: [1, 16, 5, 9, 10, 11, 19, 6, 14, 15, 2, 7, 18, 17, 3, 0, 4, 8, 12, 13]\n",
      "Distancia Total: 2034.0\n",
      "\n",
      "Caminho cidade [2]: [2, 6, 18, 16, 5, 10, 4, 3, 13, 1, 0, 8, 15, 9, 14, 11, 19, 12, 17, 7]\n",
      "Distancia Total: 2223.0\n",
      "\n",
      "Caminho cidade [3]: [3, 7, 17, 13, 5, 9, 11, 16, 2, 12, 19, 10, 4, 1, 14, 6, 18, 15, 8, 0]\n",
      "Distancia Total: 1916.0\n",
      "\n",
      "Caminho cidade [4]: [4, 16, 1, 5, 11, 19, 12, 2, 6, 14, 17, 10, 8, 15, 13, 7, 3, 0, 9, 18]\n",
      "Distancia Total: 1631.0\n",
      "\n",
      "Caminho cidade [5]: [5, 8, 1, 4, 10, 13, 7, 18, 14, 6, 2, 19, 11, 9, 0, 3, 15, 17, 16, 12]\n",
      "Distancia Total: 1846.0\n",
      "\n",
      "Caminho cidade [6]: [6, 15, 14, 16, 5, 9, 2, 10, 0, 3, 17, 7, 19, 11, 8, 1, 4, 12, 18, 13]\n",
      "Distancia Total: 1927.0\n",
      "\n",
      "Caminho cidade [7]: [7, 6, 14, 16, 11, 10, 2, 17, 3, 4, 1, 12, 8, 9, 5, 19, 18, 15, 0, 13]\n",
      "Distancia Total: 1917.0\n",
      "\n",
      "Caminho cidade [8]: [8, 12, 2, 18, 15, 3, 7, 17, 10, 5, 9, 11, 14, 0, 1, 13, 6, 16, 4, 19]\n",
      "Distancia Total: 1882.0\n",
      "\n",
      "Caminho cidade [9]: [9, 5, 8, 10, 17, 7, 2, 12, 19, 11, 4, 16, 14, 6, 3, 0, 15, 18, 1, 13]\n",
      "Distancia Total: 1614.0\n",
      "\n",
      "Caminho cidade [10]: [10, 2, 19, 5, 8, 18, 7, 14, 0, 11, 4, 1, 12, 13, 6, 15, 3, 17, 9, 16]\n",
      "Distancia Total: 2204.0\n",
      "\n",
      "Caminho cidade [11]: [11, 5, 6, 14, 15, 8, 9, 12, 19, 2, 16, 4, 10, 18, 7, 17, 3, 0, 1, 13]\n",
      "Distancia Total: 1735.0\n",
      "\n",
      "Caminho cidade [12]: [12, 13, 0, 11, 19, 7, 18, 15, 14, 6, 2, 10, 5, 16, 1, 4, 17, 3, 9, 8]\n",
      "Distancia Total: 1845.0\n",
      "\n",
      "Caminho cidade [13]: [13, 10, 0, 3, 17, 7, 18, 6, 4, 1, 14, 16, 5, 11, 12, 19, 2, 9, 8, 15]\n",
      "Distancia Total: 1591.0\n",
      "\n",
      "Caminho cidade [14]: [14, 6, 2, 7, 17, 12, 19, 11, 5, 16, 4, 1, 8, 10, 0, 3, 15, 13, 18, 9]\n",
      "Distancia Total: 1590.0\n",
      "\n",
      "Caminho cidade [15]: [15, 7, 3, 16, 14, 0, 4, 10, 8, 11, 19, 5, 9, 2, 17, 12, 13, 1, 18, 6]\n",
      "Distancia Total: 1865.0\n",
      "\n",
      "Caminho cidade [16]: [16, 8, 10, 0, 3, 7, 17, 18, 15, 14, 6, 4, 1, 13, 12, 19, 11, 5, 9, 2]\n",
      "Distancia Total: 1592.0\n",
      "\n",
      "Caminho cidade [17]: [17, 3, 7, 2, 12, 13, 1, 14, 16, 4, 10, 0, 15, 18, 6, 11, 19, 5, 9, 8]\n",
      "Distancia Total: 1421.0\n",
      "\n",
      "Caminho cidade [18]: [18, 7, 3, 17, 11, 19, 2, 6, 14, 16, 4, 10, 8, 9, 5, 0, 15, 13, 1, 12]\n",
      "Distancia Total: 1769.0\n",
      "\n",
      "Caminho cidade [19]: [19, 12, 2, 7, 13, 17, 10, 8, 15, 18, 14, 6, 16, 1, 4, 0, 3, 5, 11, 9]\n",
      "Distancia Total: 1796.0\n",
      "\n"
     ]
    }
   ],
   "source": [
    "# Célula para a realização de testes\n",
    "\n",
    "pathsLengths = calculatePathLength(paths, cities_distances)\n",
    "\n",
    "for i, path in enumerate(pathsLengths):\n",
    "    print(f'Caminho cidade [{i}]: {path[0]}\\nDistancia Total: {path[1]}\\n')\n"
   ]
  },
  {
   "cell_type": "markdown",
   "id": "41337852",
   "metadata": {},
   "source": [
    "#### Elitismo\n",
    "\n",
    "Para melhorar a performance e a qualidade das soluções, pode-se utilizar elitismo, o qual fornece um reforço adicional nas arestas pertecentes ao melhor percurso achado desde o inicio do algoritmo. O melhor caminho encontrado é representado por TijBS\n",
    "\n",
    "$$\n",
    "\\tau_{ij} = (1 - \\rho)\\tau_{ij} + \\sum_{k=1}^{m} \\Delta \\tau_{ij}^{(k)} + e \\cdot \\Delta \\tau_{ij}^{(bs)}\n",
    "$$\n",
    "\n",
    "onde:\n",
    "\n",
    "$$\n",
    "\\Delta \\tau_{ij}^{(bs)} =\n",
    "\\begin{cases}\n",
    "\\frac{Q}{L_{bs}}, & \\text{se a aresta } (i, j) \\text{ pertence ao percurso } T_{bs} \\\\\n",
    "0, & \\text{caso contrário}\n",
    "\\end{cases}\n",
    "$$"
   ]
  },
  {
   "cell_type": "code",
   "execution_count": 57,
   "id": "4137ddc9",
   "metadata": {},
   "outputs": [],
   "source": [
    "def elitismDeposit(delta_pheromone, bestPathLength):\n",
    "\n",
    "    # Sepera os valores de comprimento e caminho\n",
    "    best_path, best_length = bestPathLength\n",
    "\n",
    "    # Deposita o feromônio extra no melhor caminho\n",
    "    for i in range(len(best_path) - 1):\n",
    "        origin = best_path[i]\n",
    "        destiny = best_path[i + 1]\n",
    "\n",
    "        # calcula o feromonio extra\n",
    "        extra_pheromone = ELITISM_FACTOR * (PHEROMONE_RATE/best_length)\n",
    "        # Adiciona o feromonio extra\n",
    "        delta_pheromone[origin][destiny] += extra_pheromone\n",
    "        delta_pheromone[destiny][origin] += extra_pheromone\n",
    "\n",
    "    return delta_pheromone\n"
   ]
  },
  {
   "cell_type": "markdown",
   "id": "5cc10c23",
   "metadata": {},
   "source": [
    "Realização do depósito e evaporação de feromônio"
   ]
  },
  {
   "cell_type": "code",
   "execution_count": null,
   "id": "0f7b7e53",
   "metadata": {},
   "outputs": [],
   "source": [
    "# Função para depositar os feromônios e \n",
    "# retornar a matriz de feromônios atualizada\n",
    "\n",
    "def updatePheromone(pathsLengths, pheMatrix, bestPathLength):\n",
    "\n",
    "    # Cria uma matriz provisoria para armazenar a soma do de feromonios\n",
    "    delta_pheromone = [[0.0 for _ in range(NUM_CITIES)] for _ in range(NUM_CITIES)]\n",
    "\n",
    "    # Itera em cada caminho, adicionando os feromonios em cada aresta passada\n",
    "    for pathLength in pathsLengths:\n",
    "        # Separa os valores do caminho e o length\n",
    "        path, length = pathLength\n",
    "\n",
    "        # Realiza o depósito na matriz provisoria\n",
    "        for i in range(len(path) -1):\n",
    "            # Pega incio e fim para definir qual aresta será depositada\n",
    "            origin = path[i]\n",
    "            destiny = path[i + 1]\n",
    "\n",
    "            # Adiciona tanto na aresta da ida quanto na volta, uma vez que não é um grafo orientado\n",
    "            delta_pheromone[origin][destiny] += PHEROMONE_RATE/length\n",
    "            delta_pheromone[destiny][origin] += PHEROMONE_RATE/length\n",
    "        \n",
    "    # Realiza o depósito do elitismo na melhor aresta\n",
    "    delta_pheromone = elitismDeposit(delta_pheromone,bestPathLength)\n",
    "\n",
    "    # Itera pela matriz final realizando os métodos de evaporação e depósito\n",
    "    for i in range(NUM_CITIES):\n",
    "        for j in range(NUM_CITIES):\n",
    "\n",
    "            # EVAPORAÇÃO \n",
    "            pheMatrix[i][j] *= (1 - EVAPORATION_RATE)\n",
    "            # DEPÓSITO\n",
    "            pheMatrix[i][j] += delta_pheromone[i][j]\n",
    "\n",
    "    return pheMatrix\n"
   ]
  },
  {
   "cell_type": "code",
   "execution_count": 55,
   "id": "6f830548",
   "metadata": {},
   "outputs": [
    {
     "name": "stdout",
     "output_type": "stream",
     "text": [
      "MATRIZ DE FEROMÔNIOS APÓS A PRIMEIRA ITERAÇÃO\n"
     ]
    },
    {
     "data": {
      "text/html": [
       "<div>\n",
       "<style scoped>\n",
       "    .dataframe tbody tr th:only-of-type {\n",
       "        vertical-align: middle;\n",
       "    }\n",
       "\n",
       "    .dataframe tbody tr th {\n",
